502 250 2.008
2518 1258 2.001589825119237
21 12 1.75
291 192 1.515625
2817 1872 1.5048076923076923
2991 1992 1.5015060240963856
4435 3544 1.2514108352144468
291 192 1.515625
2991 1992 1.5015060240963856
5367 3576 1.5008389261744965
5637 3756 1.5007987220447285
4435 3544 1.2514108352144468
35683 33568 1.0630064346997141
22471 21472 1.0465257078986587
201679 196720 1.0252084180561203
20617 20176 1.0218576526566217
45421 44512 1.0204214593817398
69271 67912 1.020011190952998
114109 111904 1.0197043894766944
94813 93148 1.017874779920127
140083 138040 1.0148000579542162
84283 83248 1.0124327311166634
199627 197296 1.0118147352201767
116503 115360 1.0099081137309294
212101 210112 1.0094663798355163
162619 161296 1.008202311278643
224269 222496 1.0079686825830576
261259 259216 1.0078814579346953
525121 521152 1.0076158203364853
75841 75184 1.0087385613960418
182401 181204 1.0066058144411822
504601 501604 1.005974832736581
818053 813580 1.0054979227611298
277621 276172 1.0052467302985095
400993 399040 1.004894246190858
866527 862576 1.004580465953145
449467 447496 1.0044045086436526
842389 838924 1.0041302907057135
409687 407896 1.0043908251122835
734101 731104 1.0040992799929969
1362157 1357216 1.0036405406361257
176569 175696 1.0049688097623168
661579 659176 1.0036454603929754
1021057 1017520 1.0034760987499016
579067 577096 1.0034153762978777
1014901 1011904 1.0029617434064892
284029 282940 1.0038488725524846
400399 399040 1.00340567361668
1144501 1141504 1.0026254835725499
1980547 1975840 1.0023822779172402
2340853 2335840 1.002146123022125
2221873 2217328 1.002049764401117
1026349 1023964 1.0023291834478556
474883 473488 1.002946220389957
2588083 2583088 1.0019337320292612
2322781 2318272 1.0019449831598708
1069261 1066912 1.0022016811133438
2957281 2951872 1.0018323965266787
880567 878560 1.0022844199599343
1358053 1355308 1.0020253698790238
1014109 1011904 1.0021790604642338
2858083 2853088 1.001750734642605
732031 730312 1.0023537885177842
1914721 1911472 1.001699737165912
3194809 3189904 1.0015376638293818
778669 776896 1.0022821587445423
2356729 2352976 1.0015950013939794
3518341 3513184 1.0014678992048238
3940639 3934960 1.0014432167036005
783169 781396 1.0022690159662961
1527469 1524796 1.001753021387779
3824791 3819472 1.0013926008621088
1504051 1501504 1.0016962991773581
4062517 4057216 1.0013065609521405
4642063 4636240 1.0012559746691285
1288663 1286368 1.0017840928878827
3856219 3851296 1.0012782710028
1956103 1953160 1.0015067889983411
1924891 1921984 1.0015124995837634
2006737 2003776 1.0014777100833625
2044501 2041504 1.001468035330815
2150647 2147560 1.001437445286744
3298093 3293980 1.0012486414610897
1514419 1511944 1.0016369653902526
2094901 2091904 1.0014326661261703
2239261 2236192 1.0013724224038008
2868469 2864896 1.0012471656911803
4696009 4690960 1.00107632552825
2710627 2707216 1.001259965957648
5967421 5961472 1.000997907899257
4198273 4193728 1.0010837612739787
5339203 5333920 1.0009904535501095
3582907 3578920 1.0011140232248834
3689251 3685192 1.0011014351491048
5419231 5413912 1.0009824688690914
5118523 5113528 1.000976820699916
5552467 5547256 1.0009393833635944
5429023 5423920 1.0009408324606557
7065979 7059976 1.0008502861766102
5498683 5493688 1.0009092252781737
6749683 6743968 1.000847423949817
5598403 5593408 1.0008930154925226
5380657 5375860 1.000892322344704
5886817 5881876 1.00084003811029
6018163 6013168 1.000830676941007
7276201 7270612 1.0007687110796175
5050429 5045920 1.0008935932396867
6640351 6635104 1.0007907939348049
7507321 7501732 1.0007450279482124
8316907 8310976 1.0007136345959848
8357821 8351872 1.0007122953991632
7357291 7351792 1.000747980900439
8319823 8313928 1.0007090511248113
6636841 6631684 1.0007776305384877
7026037 7020736 1.0007550490432913