3 7 109 673
3 7 541 4159
3 11 701 8747
3 11 2069 2297
3 11 2069 8219
3 11 2069 8747
3 17 449 2069
3 17 449 6353
3 17 449 6599
3 17 2069 2297
3 31 1237 6571
3 31 1237 13399
3 31 4159 17209
3 31 7591 8431
3 31 8377 13399
3 37 67 2377
3 37 67 5923
3 37 1237 8713
3 37 1699 8713
3 37 2377 4159
3 37 2377 10243
3 37 4159 16759
3 37 4159 17209
3 37 4729 7963
3 37 5923 7963
3 59 1193 14627
3 59 5381 13931
3 73 607 18523
3 73 6793 7159
3 73 6793 15739
3 73 9241 19387
3 73 15739 19387
3 109 15493 18289
3 191 2069 8747
3 331 739 8431
3 331 3637 10771
3 373 823 15559
3 449 2069 14627
3 449 2441 10169
3 467 617 4253
3 467 4253 16937
3 541 4159 17209
3 947 5051 18233
3 1237 6571 8713
3 1699 6571 8713
3 2503 5281 5869
3 2503 7591 11827
3 3119 14879 19919
3 3923 4919 8783
3 3931 5449 17029
3 4253 12101 15461
3 4253 12101 16937
3 4729 7963 9181
3 4729 7963 19441
3 6353 17327 19031
3 6637 13399 19183
3 6871 15739 19387
3 7963 10111 19441
3 9461 11447 18713
7 19 97 3727
7 19 97 4507
7 19 1249 3727
7 19 3727 5659
7 61 487 8941
7 61 1693 3181
7 61 2341 13309
7 61 8941 15973
7 109 883 13807
7 109 4567 18433
7 127 6949 7723
7 229 433 18433
7 433 1471 3613
7 433 3613 9613
7 433 13177 19681
7 541 2467 8167
7 541 2467 19801
7 691 15877 15973
7 823 10663 10909
7 829 2671 3361
7 853 2269 8779
7 853 8017 8779
7 937 10321 12973
7 1237 1549 3019
7 1237 2341 12409
7 1237 2341 18433
7 1237 12409 18433
7 1249 3727 6949
7 1249 4441 6949
7 1741 7489 14029
7 1879 2341 12409
7 2089 2953 3181
7 2089 3181 4219
7 2269 3613 5821
7 2341 12409 13309
7 2341 12409 18433
7 2467 8167 17659
7 2467 13477 17659
7 2617 5689 19333
7 2671 11617 19597
7 3019 7351 9613
7 3823 4201 19237
7 3823 7417 11617
7 4903 8893 13627
7 5437 5689 15643
7 6163 9349 10399
7 6163 11287 16447
7 7351 9613 13147
7 7489 8839 17989
7 7489 9043 17989
7 7933 9613 10513
7 8311 11299 14551
11 23 743 1871
11 23 1871 8171
11 23 1871 8681
11 23 3083 8747
11 23 5849 8681
11 23 6329 7331
11 113 1973 10433
11 239 1049 1847
11 239 1049 11057
11 239 1091 1847
11 239 3467 5807
11 251 12911 15731
11 353 4967 5849
11 353 4967 8219
11 353 6791 8831
11 701 7541 8747
11 701 8747 11351
11 1103 5807 6329
11 1217 2843 12653
11 1217 12653 16937
11 1871 8681 19949
11 1973 11057 14759
11 2297 4967 7127
11 3779 7577 12911
11 4013 4643 5153
11 4229 8831 11399
11 4547 6791 8831
11 4643 5153 5849
11 7109 11057 15641
11 7577 12911 15731
11 11399 14249 15131
11 11423 12653 16937
13 19 5077 6043
13 19 6991 9697
13 19 9697 12277
13 19 9721 13999
13 61 331 19543
13 61 2383 5431
13 127 6733 7993
13 829 9091 17929
13 829 12517 17683
13 1543 3967 8053
13 2383 5431 8599
13 2383 6733 8599
13 2851 4951 9697
13 4327 4591 9883
13 4363 8461 9091
13 4591 17443 17683
13 4951 6343 9697
13 5197 5701 6733
13 5197 5701 8389
13 5197 6733 8389
13 5701 6733 8389
13 8461 9091 19273
17 83 5897 12197
17 83 5897 19841
17 449 6353 9923
17 2069 4637 14759
17 2351 12197 14423
17 2411 3917 18869
17 2411 8447 16217
17 2741 3917 4649
17 2741 3917 6899
17 2741 4649 8537
17 2741 6899 18371
17 3347 4703 18869
17 7109 7127 13913
17 7109 13913 18701
17 10613 14747 16427
19 31 181 9679
19 31 991 8641
19 31 1237 6271
19 31 6271 8641
19 79 1447 18517
19 79 5791 18517
19 79 9679 10687
19 1039 6709 18517
19 1669 8599 12457
19 1699 5791 17569
19 1699 7507 12577
19 2113 4507 18451
19 3727 6961 8623
19 3847 5737 8929
19 6991 9403 9697
19 9697 12277 18517
23 47 1481 4211
23 47 2333 5927
23 47 4211 5483
23 89 2357 6323
23 311 677 827
23 509 5483 11321
23 677 827 1871
23 743 1871 6323
23 1607 5009 5849
23 1613 5813 14957
23 2003 3557 5051
23 2357 6323 8237
23 2591 8423 19433
23 2819 3617 7607
23 4007 6053 11321
29 71 5237 6563
29 179 9311 12641
29 569 11159 12227
29 683 6047 9311
29 683 9311 12641
29 3767 4523 6911
31 1123 2029 2281
31 1123 2029 5281
31 1153 5179 9439
31 1279 6271 8641
31 2029 5701 9439
31 2311 4549 8287
31 3037 3331 5701
31 4003 5851 18637
31 4021 14143 17923
31 4243 4339 19309
31 4549 8287 9133
31 6271 18637 19309
31 7591 8431 9049
31 8191 11287 15667
37 967 5779 8761
37 991 2269 3613
37 1069 1321 14779
37 1549 2707 3463
37 1873 7963 8011
37 1951 6823 15031
37 2707 4909 5857
37 4159 4789 17209
37 4177 7537 8101
37 4789 15991 17041
41 1013 7187 7331
41 4457 10163 15791
43 97 1381 8521
43 97 3373 12697
43 613 6547 6967
43 691 9421 18451
43 691 16519 18451
43 1051 2389 9697
43 1213 8521 17569
43 1693 3373 12697
43 1693 15607 18661
43 1867 4111 12157
43 1867 12157 14029
43 2251 4111 9349
43 2251 4111 12157
43 8287 12433 19963
47 251 5147 5273
47 947 1439 4931
47 1091 4931 9833
47 1283 3617 10313
47 1481 4211 8963
47 1481 5639 8963
47 1931 2399 14447
47 2027 5483 10463
47 2063 6599 9239
47 2333 5297 6701
47 2333 5927 16253
47 2687 8069 14447
47 3617 3923 10313
47 3833 6911 13001
53 4649 8117 19421
59 197 16349 19289
59 1163 9479 11057
59 1289 2237 13241
59 1289 3767 8933
59 1319 5981 9341
59 1973 4397 11057
59 2309 5081 15809
59 2531 4889 8123
59 2531 8123 16943
59 3083 4931 17903
59 6569 6779 8537
59 9857 11057 13241
61 751 14887 19423
61 1453 3049 16111
61 1483 2341 9511
67 157 11071 15859
67 619 5419 7687
67 1039 1999 12421
67 1933 7639 9907
67 2377 5743 10909
67 5743 9883 10909
67 6829 11491 17077
71 821 1163 5849
71 4517 6869 8087
71 5417 7001 9239
71 6869 8087 13907
73 547 643 18757
73 2029 6121 11287
79 367 613 15643
79 367 1117 8887
79 367 7207 17341
79 613 5581 18793
79 967 1117 3511
79 1801 3253 3547
79 3253 3517 8263
79 5647 5659 17467
79 7207 17341 17467
83 449 6491 7583
83 719 773 12119
83 719 7079 12119
83 1031 1811 10691
83 1619 5987 11447
83 5987 6491 11447
89 107 1061 4973
89 431 983 11489
89 431 983 13043
89 431 5903 11489
89 821 6521 8663
89 1409 5387 15083
89 5003 5087 8147
97 379 2221 5581
97 2221 4513 5581
97 3373 4957 12697
97 6271 10711 11257
97 16633 17401 19081
101 719 12413 19553
101 2633 2699 4337
107 11549 14741 18311
109 2389 7351 9619
113 3659 9851 13697
127 271 6733 9043
127 2281 6361 6481
127 4363 8713 13873
131 797 2411 5519
137 353 12143 12269
137 3989 9239 9491
151 397 4657 7933
151 4657 6217 7933
151 4801 5197 6733
157 4129 11071 15859
163 367 613 19759
163 367 4597 5563
163 613 883 15973
163 6781 6823 19867
167 443 9857 10181
167 443 10181 15053
179 1451 2039 10463
191 1319 5981 11933
193 541 9439 12043
193 10243 15679 16057
199 811 3109 15271
199 3109 10903 15271
199 3259 4327 5107
223 1447 15331 16633
223 2179 4261 16843
227 10733 18671 19997
229 613 4021 6733
229 3391 6733 11491
233 1583 7043 7949
233 5591 16829 19013
239 1013 1091 19319
239 1049 1847 7523
241 3823 4549 15859
251 5273 5651 8093
269 617 887 2741
269 617 4001 17609
271 9421 12109 17863
281 5009 11399 16061
281 8369 17489 19541
283 463 3001 9931
283 1237 1657 9931
283 1321 3001 6607
283 1657 9931 18793
283 3529 13339 16699
283 6763 8287 14347
293 467 617 9473
307 5119 12601 12853
311 821 827 8663
311 1223 6761 8867
313 619 14683 16111
313 1231 4231 6037
313 1231 12907 14683
313 1231 14683 16111
313 1747 4231 6037
317 1601 9257 9749
331 739 8431 17911
347 443 983 9857
349 499 2707 14281
353 4967 5573 8219
353 9521 10427 14753
353 9623 14009 17957
367 1117 8887 9601
373 14071 14323 18913
383 941 3527 9239
383 1721 3359 9677
383 1721 3359 16871
389 2333 3137 14867
389 3137 8513 17387
397 907 3919 4567
397 2251 2593 7927
397 2851 11839 15427
397 4657 7177 7933
401 2441 3671 7691
401 3407 3671 7691
401 3671 7691 14537
409 1471 4561 8779
419 443 7757 7883
419 449 563 5297
421 3217 15649 17377
421 4933 15349 15643
431 4217 11489 11597
433 1471 16831 17431
433 3529 7393 11173
443 1811 6863 8699
449 5009 7109 9839
457 3631 8923 14083
461 677 12527 17189
461 4271 17021 17189
467 587 617 6323
467 587 617 9473
467 617 1301 14669
467 941 2099 19793
467 10259 12893 16811
491 14969 15887 19163
499 1009 7393 16843
521 1229 7907 18947
521 1523 2447 7907
541 2887 6709 19477
541 5101 17359 19531
557 8291 8861 16229
563 12527 15131 17189
571 5839 8233 10597
593 3203 3467 7949
607 8581 19501 19753
613 6679 6967 11941
617 887 1091 15581
631 5479 13669 16063
643 7477 8191 15313
653 2003 7211 15959
653 6947 8447 14243
653 6947 8447 15881
659 947 5009 18233
661 11719 14827 16987
677 1283 5807 7949
677 2309 4451 6257
677 4073 17627 19697
683 6317 9323 14549
691 727 5197 8389
691 16519 18451 19417
701 1607 5471 8171
701 3581 14411 16217
733 883 991 18493
733 1249 8641 15061
739 12757 18181 19609
751 7669 14887 19423
751 8893 12577 13627
751 13417 13693 16231
761 1889 12527 19697
797 3461 3659 11069
809 1361 2141 3947
809 3947 4679 5393
811 8101 8233 17977
821 1109 6521 8663
853 1279 9781 12049
853 3697 14479 15739
853 7759 10909 13687
853 10909 13687 14947
857 1973 6131 14771
857 2693 4079 13553
859 7417 7639 12511
859 10303 11131 19333
859 11131 17851 19333
863 4421 6899 10883
863 6899 10883 14957
881 1373 1499 10487
907 3919 5503 16141
907 11527 12073 12703
919 2749 11467 17191
941 1229 1607 19919
941 1709 3137 9923
967 5623 6421 6949
971 2699 8039 16319
971 6701 13043 14009
977 9239 9941 19949
997 4513 10099 15937
1031 1601 2207 15017
1033 1759 5233 19441
1033 1759 7417 19441
1049 2087 9029 12011
1049 2297 10037 11171
1051 2017 8311 11299
1051 2713 3739 13807
1063 3001 3499 9931
1069 2203 6529 11353
1069 2203 9133 11353
1069 6529 8329 8461
1069 6529 8329 11353
1087 2179 10453 18289
1087 2179 10453 19423
1087 5413 5569 6451
1097 3593 5087 19391
1097 3593 13469 19391
1097 4751 6113 17519
1103 1733 2927 13457
1103 3041 6317 7529
1109 6521 8369 8663
1117 5323 13759 14593
1123 3919 5281 7489
1129 2473 3001 19381
1153 1699 6691 7507
1163 1877 2447 12197
1163 14423 15053 19139
1181 1847 2687 8069
1187 4523 12569 12611
1193 4931 5009 8501
1217 2273 8627 8861
1217 2309 5081 7817
1217 2309 7817 8861
1223 1433 8297 15329
1231 2689 4507 12907
1231 2689 4507 19309
1231 4243 13063 19309
1231 6229 7297 15901
1237 2341 6571 12409
1237 2341 12409 18433
1237 6571 12409 18229
1283 1619 4127 7949
1283 1619 8513 8747
1283 1667 6287 9137
1283 9419 14411 17789
1289 2801 4733 7919
1289 4139 7541 15443
1307 4079 6863 13151
1319 1637 8039 14633
1319 2243 2789 4133
1319 3533 4133 10169
1327 3853 10273 13297
1361 6047 6737 14543
1367 1733 7043 7949
1373 1511 10559 17903
1381 1657 4111 10627
1381 1657 8017 10627
1381 1789 4111 9811
1399 3433 4987 8461
1409 4517 5387 9689
1409 4643 14303 17939
1439 2003 5657 6983
1439 2579 4007 15173
1439 3833 5657 6983
1447 2803 3769 4051
1451 2699 3413 3761
1453 3049 9787 16111
1459 1873 3511 7963
1481 1733 8807 18329
1481 4211 7703 14717
1483 3457 5869 8209
1483 5869 6961 10993
1483 5869 6961 15313
1523 2447 5813 7907
1523 3203 5279 6827
1549 7333 15031 15727
1567 5641 7759 9091
1583 1877 2447 6113
1583 1877 6287 13037
1583 5861 6143 8171
1597 2731 3301 10531
1601 6029 11447 14369
1607 4637 5009 18797
1621 2767 3187 7477
1697 7193 13697 19661
1709 2333 2843 8831
1721 3347 8231 8273
1721 3347 8273 14771
1723 8233 9067 15289
1747 4231 6037 18169
1747 6037 9643 16453
1747 6037 9643 18169
1747 6037 13093 18169
1747 6967 7177 13291
1753 1951 3547 3643
1753 3847 5197 8929
1753 3847 5197 15277
1753 3847 8887 15277
1753 8089 8887 15277
1783 2953 3643 4273
1783 2953 4273 8461
1789 3907 9619 13003
1789 4111 6661 12157
1811 12011 16547 16619
1847 2687 4007 8693
1847 5801 8693 8783
1867 5749 11131 19333
1873 3511 7963 8011
1889 2777 8291 9533
1931 5171 10457 14447
1973 5711 8291 8573
1973 5897 6131 10937
1979 2693 9833 13217
1987 3499 8191 17977
1993 3457 5869 8209
2017 2689 4423 8317
2029 7309 15907 17581
2039 3299 3767 4523
2053 6361 8521 8923
2063 2243 5477 6599
2081 3323 4349 12713
2141 4649 7727 14951
2179 3631 5119 19927
2243 5477 6599 8081
2267 2729 10973 12659
2269 4057 4663 7879
2269 4057 7879 9109
2273 2609 8297 14387
2287 4483 6793 9049
2311 6469 11833 14731
2333 5261 5987 8831
2333 6701 18143 19301
2339 9743 15959 16253
2389 5167 8761 9619
2399 3911 5717 15233
2423 8273 9227 15767
2441 2543 5147 15329
2441 3671 5381 9929
2441 5087 10457 17207
2459 4463 10859 12143
2473 3001 18367 19777
2473 8269 13903 15217
2543 5153 10487 11579
2543 7649 10499 16253
2543 10487 11579 12893
2557 7687 8521 8821
2579 15173 19373 19919
2591 8231 14249 16223
2593 3307 5443 7039
2593 7039 12637 19861
2593 12421 12637 12841
2647 12739 15889 19069
2671 4603 8761 18583
2687 3023 8069 14447
2693 4139 6263 11177
2693 6257 9833 13217
2729 6551 13829 15767
2731 4759 9661 17539
2731 8737 15091 15121
2749 4021 14737 18097
2753 9689 15791 19739
2801 4733 6689 7331
2837 6449 9209 9431
2879 4397 12809 19403
2897 3209 4721 9257
2897 4721 4877 5501
2909 5813 6737 10091
2953 6217 6679 13633
2957 4451 6803 9791
2963 5693 7187 14033
3011 4493 7349 10151
3037 3433 4987 8461
3037 3433 6607 8461
3049 4831 8191 8737
3067 5737 8929 10069
3079 7699 9679 18493
3109 4339 10903 14083
3109 4801 6733 7993
3109 10903 11353 15271
3109 10903 15271 15739
3119 5237 5783 10133
3163 8707 13537 13873
3167 6521 14831 17189
3187 4561 6379 8017
3187 5227 6379 17551
3221 4409 18521 18743
3253 5479 7927 9817
3259 6247 8641 15787
3271 5653 5923 9013
3307 5443 7039 9391
3331 5647 18397 18523
3343 4561 6379 9811
3361 4507 5419 14533
3373 3631 8923 14083
3391 3433 3643 6607
3391 3433 6607 18427
3463 6883 13567 14713
3511 9283 11113 17707
3547 3643 5449 9817
3643 5449 8929 9817
3823 4201 4759 19237
3823 10069 13093 19489
3847 5077 6367 13267
3847 5737 8929 10069
3917 4019 4211 10181
3931 8089 16033 16333
4013 8867 11909 16427
4013 11909 16427 17957
4021 14143 17923 18973
4093 8647 9403 11503
4159 4621 7573 11161
4201 4759 14797 16729
4201 6217 8161 8863
4219 4597 9403 14197
4349 12227 13001 19889
4397 4703 11057 15641
4409 14153 18521 18743
4451 8681 11789 16103
4507 4801 5419 12739
4549 10273 15277 15859
4603 12421 12637 12841
4649 7727 7853 12641
4663 5839 7753 8233
4729 5407 6961 16921
4729 8863 8887 15277
4729 12619 12829 19441
4801 6361 9931 12739
4801 12163 12739 19249
4877 5711 8291 8573
4919 7481 7607 8741
5023 5443 6841 7039
5023 9949 13687 16651
5107 6793 7717 9901
5197 5701 6733 8389
5209 5419 9241 18427
5279 6449 12503 18143
5417 8219 8819 9239
5443 6637 6841 7039
5449 7321 11329 14389
5531 7673 9851 11549
5639 6563 15227 16007
5659 5779 8677 14347
5659 5953 10567 14851
5689 6211 6277 18457
5737 8521 8677 9613
6011 8741 14783 18269
6029 11447 14369 18713
6047 6203 7643 19727
6217 6679 8161 8863
6269 8369 16349 19841
6323 6491 8237 17333
6449 8219 12503 18143
6491 9473 17099 18839
6569 6689 6779 8537
6569 6779 8537 9551
6689 6779 8537 17351
6691 9043 14533 16561
6949 7621 7741 14713
7121 12161 15749 19571
7247 7541 8111 19427
7321 9829 12421 17977
7333 8059 15031 15727
7489 8581 9157 14143
7489 8581 11887 14143
7559 11159 17783 17837
7669 11071 11491 13291
7757 15107 15359 17627
8059 8737 9151 16087
8263 13003 16903 17203
8263 14737 16567 16903
8263 16567 16903 17203
8543 10169 14207 19373
9151 9949 13687 16651
9283 11113 12841 16447
9283 11113 12841 17707
9403 14653 15199 17551
9619 10039 11971 13831
10039 11971 13831 14251
11059 12163 12739 19597
11527 12073 12703 14737
11933 14327 15569 17291
14197 14323 16693 18457
